!ASCII::3
0 ! ix_ele, not used
1 ! n_bunch
13 ! n_particle
BEGIN_BUNCH
electron 
1.2999999999999999e-11  ! bunch_charge
0 ! z_center
0 ! t_center
  0.000000000000e+00   0.000000000000e+00   0.000000000000e+00   0.000000000000e+00   0.000000000000e+00   0.000000000000e+00   1.000000000000e-12  1
 -1.000000000000e-03   0.000000000000e+00   0.000000000000e+00   0.000000000000e+00   0.000000000000e+00   0.000000000000e+00   1.000000000000e-12  1
  1.000000000000e-03   0.000000000000e+00   0.000000000000e+00   0.000000000000e+00   0.000000000000e+00   0.000000000000e+00   1.000000000000e-12  1
  0.000000000000e+00  -1.000000000000e-03   0.000000000000e+00   0.000000000000e+00   0.000000000000e+00   0.000000000000e+00   1.000000000000e-12  1
  0.000000000000e+00   1.000000000000e-03   0.000000000000e+00   0.000000000000e+00   0.000000000000e+00   0.000000000000e+00   1.000000000000e-12  1
  0.000000000000e+00   0.000000000000e+00  -1.000000000000e-03   0.000000000000e+00   0.000000000000e+00   0.000000000000e+00   1.000000000000e-12  1
  0.000000000000e+00   0.000000000000e+00   1.000000000000e-03   0.000000000000e+00   0.000000000000e+00   0.000000000000e+00   1.000000000000e-12  1
  0.000000000000e+00   0.000000000000e+00   0.000000000000e+00  -1.000000000000e-03   0.000000000000e+00   0.000000000000e+00   1.000000000000e-12  1
  0.000000000000e+00   0.000000000000e+00   0.000000000000e+00   1.000000000000e-03   0.000000000000e+00   0.000000000000e+00   1.000000000000e-12  1
  0.000000000000e+00   0.000000000000e+00   0.000000000000e+00   0.000000000000e+00  -1.000000000000e-03   0.000000000000e+00   1.000000000000e-12  1
  0.000000000000e+00   0.000000000000e+00   0.000000000000e+00   0.000000000000e+00   1.000000000000e-03   0.000000000000e+00   1.000000000000e-12  1
  0.000000000000e+00   0.000000000000e+00   0.000000000000e+00   0.000000000000e+00   0.000000000000e+00  -1.000000000000e-03   1.000000000000e-12  1
  0.000000000000e+00   0.000000000000e+00   0.000000000000e+00   0.000000000000e+00   0.000000000000e+00   1.000000000000e-03   1.000000000000e-12  1
END_BUNCH
